4.215904160348934226e+00
3.729645901428764732e-01
1.806171535965416797e-01
1.176823711920330917e-01
8.767974328970114251e-02
7.053881999069978870e-02
5.955193216476187268e-02
5.198292049721882357e-02
4.643513053776475441e-02
4.220217510017276047e-02
3.881629021715447825e-02
3.609492110625828198e-02
3.375099240437021142e-02
3.174288775312084088e-02
3.004716380215899721e-02
2.854961074954285791e-02
2.722702902053257892e-02
2.602821127864400272e-02
2.495681961698156467e-02
2.395369975816017197e-02
2.303823186696807995e-02
2.219146222019161355e-02
2.142077273895887438e-02
2.069895188098308872e-02
1.999790955762550254e-02
1.936756878368615584e-02
1.874065523737122527e-02
1.818531981111376483e-02
1.765232314705857813e-02
1.714524543928621844e-02
1.664228610402969724e-02
1.616692966652363492e-02
1.571651491813406618e-02
1.530792423397394318e-02
1.491543889469770269e-02
1.452880845109406037e-02
1.416572026091162534e-02
1.382172279827152510e-02
1.347897350437865516e-02
1.314489355663581160e-02
