6.257315951134380327e+00
2.388382210655791482e+01
1.994049232947247319e+01
9.664873221109477441e+00
7.372612482303566139e+00
5.799756996558440569e+00
4.665485923791333533e+00
3.832849326276138058e+00
3.196469628980149302e+00
2.709018263405753135e+00
2.324944292415950020e+00
2.020710056280096367e+00
1.774138694121227822e+00
1.573851881430308630e+00
1.407759174350353693e+00
1.269955321926462766e+00
1.152735069823549230e+00
1.053417323692150465e+00
9.673777491092271363e-01
8.938799772699030921e-01
8.285018080784105621e-01
7.721189731217250607e-01
7.216209084258085049e-01
6.764799428114270929e-01
6.363938896381868826e-01
6.003004642395894930e-01
5.674825194352605129e-01
5.382161002927858817e-01
5.116998640086453110e-01
4.871688347591036639e-01
4.648905364273547280e-01
4.441769905573574317e-01
4.249841528696570170e-01
4.073581749665254881e-01
3.908954840439197165e-01
3.758887345280397807e-01
3.616891040945862668e-01
3.483633360466788509e-01
3.360775859661664366e-01
3.245435353548046797e-01
3.140071347789056277e-01
3.034929748160103968e-01
2.938704957219132052e-01
2.849077152275808489e-01
2.763628062317265988e-01
2.682479876571651767e-01
2.605664028684564482e-01
2.529964968032806238e-01
2.462575502442048425e-01
2.396440384752325237e-01
2.333563948617704553e-01
2.275119764199614869e-01
2.215632408914853246e-01
2.162244466257189079e-01
2.113305575568699135e-01
2.061702469299562246e-01
2.013902657659795981e-01
1.969090733922280734e-01
1.925163224386756688e-01
1.885226845911216476e-01
1.844615255728228598e-01
1.804192748003669300e-01
1.767928951616056232e-01
1.731590352798919874e-01
1.696393813897507097e-01
1.667044129659236151e-01
1.632693553611921089e-01
1.604811898634846135e-01
1.574892275985713130e-01
1.545567391483437802e-01
1.515878689714876271e-01
1.492269390752870573e-01
1.465317979608421473e-01
1.442001767719432448e-01
1.414070005138401698e-01
1.393249554927217526e-01
1.373091595059301173e-01
1.348705550195274105e-01
1.331031511983154780e-01
1.307633232845228366e-01
1.288492257424913023e-01
1.268409411744993165e-01
1.249712357994213624e-01
1.232485579480763621e-01
1.214215000432860569e-01
1.197734460634071740e-01
1.181456342402019688e-01
1.166230313490085324e-01
1.149066133081621255e-01
1.133783464891274517e-01
1.119857992627345811e-01
1.105749561200794762e-01
1.091788404234819709e-01
1.076351973100870274e-01
1.063588100916560142e-01
1.051157919724082096e-01
1.037055577431669762e-01
1.023957869337976667e-01
1.013275114780102515e-01
1.002484112987344911e-01
9.911952803183690652e-02
9.779284757780852544e-02
9.690448063808039525e-02
9.597170692609198472e-02
9.484357938185788983e-02
9.358474889861689849e-02
9.268708527893831928e-02
9.176484305508815498e-02
9.065366924436774054e-02
8.994192484440913238e-02
8.901136649258524491e-02
8.816207468103259837e-02
8.717139713295482539e-02
8.633306196998619120e-02
8.548159846733022205e-02
8.456820292263329819e-02
8.394741766205765510e-02
8.313944476794114802e-02
8.247955684147614819e-02
8.150708459765043656e-02
8.074504629047798976e-02
7.999990225224784535e-02
7.955540071048751438e-02
7.872702746859146228e-02
7.789900101378807729e-02
7.756704485948681671e-02
7.664629310007764484e-02
7.608832560886887031e-02
7.548148220554598553e-02
7.486556042903363961e-02
7.423937328939284042e-02
7.361779257358064266e-02
7.306344764410334369e-02
7.243383413604201349e-02
7.193429556105435108e-02
7.143712951132150102e-02
7.073559517060132307e-02
7.023702963079848927e-02
6.969433552293495537e-02
6.929994093094506147e-02
6.872400888131711960e-02
6.828492589815238212e-02
6.774690409826450432e-02
6.736751630692061621e-02
6.675652766489877099e-02
6.641861179575621332e-02
6.581278696949045826e-02
6.544938367804631341e-02
6.500756875417189329e-02
6.455981767934970694e-02
6.411367127496159224e-02
6.378412761364000982e-02
6.334810319257978828e-02
6.280636561806571261e-02
6.243660067923853529e-02
6.209636989505582655e-02
6.160378386077805524e-02
6.119645074033679827e-02
6.089056992676918773e-02
6.058294267069408434e-02
6.020479269365582725e-02
5.975053380236255290e-02
5.949841360279742308e-02
5.898850279365495941e-02
5.860294713204838857e-02
5.843133147601192734e-02
5.794906742784366321e-02
5.765127785466209881e-02
5.736256462248737198e-02
5.693455070026993969e-02
5.667076304323539343e-02
5.654920755950111622e-02
5.613124547884448118e-02
5.572333701543269457e-02
5.549012953932264125e-02
5.514010403938134769e-02
5.488839142323279768e-02
5.463095243082758540e-02
5.425215620775564185e-02
5.402851113925853654e-02
5.374139399779351289e-02
5.348807168024310305e-02
5.330066418273125134e-02
5.294316034672733040e-02
5.259522166951090955e-02
5.248692506965149662e-02
5.217215220985833846e-02
5.193900536684621649e-02
5.168972798444827071e-02
5.151153323529699540e-02
5.115206826243610949e-02
5.082995954243994113e-02
5.055009510402788675e-02
5.039612768257275416e-02
5.015676148234216036e-02
4.998009929404863966e-02
4.978032383032564290e-02
4.947615609459076608e-02
4.936184802221067758e-02
4.908114086845769691e-02
4.882026394804832303e-02
4.854681732674719086e-02
4.829641308962527579e-02
4.819201812171547417e-02
4.797792320605100830e-02
4.768918154585256169e-02
4.754302808207316877e-02
4.739422073814002906e-02
4.726014675116822772e-02
4.692706143921926421e-02
4.675946874476286097e-02
4.666791892620374138e-02
4.642435178021277892e-02
4.612938996169192035e-02
4.607715254540274696e-02
4.582073501993617903e-02
4.562779141772597274e-02
4.547541803240912062e-02
4.530335236414014671e-02
4.510558900382804354e-02
4.489057721045207339e-02
4.467179401951596601e-02
4.466585105610395429e-02
4.431131786929822652e-02
4.430013714585782914e-02
4.412757934429663992e-02
4.386626705250103175e-02
4.379691713813662485e-02
4.355522595674434644e-02
4.340466271240647766e-02
4.317526046758470709e-02
4.305458374707933633e-02
4.294207687516235494e-02
4.282915070452238127e-02
4.266440973386069480e-02
4.249114892844423758e-02
4.235496791962168467e-02
4.216801929573904539e-02
4.199594420205247924e-02
4.192428607940380803e-02
4.166757447521682312e-02
4.157482657340899612e-02
4.138117171875174694e-02
4.135671857956695757e-02
4.120670776501873106e-02
4.106968526756098192e-02
4.087519064139306241e-02
4.064752521986639971e-02
4.058997041907703995e-02
4.033423137677182024e-02
4.029427374301675774e-02
4.027743055507061049e-02
4.004934371325059861e-02
3.986727598020661789e-02
3.975657685238465078e-02
3.963016501511881784e-02
3.954851576968521770e-02
3.942056696085017437e-02
3.931224091889294614e-02
3.916215427288890355e-02
3.896423134401318794e-02
3.889682662722471901e-02
3.870881914222026182e-02
3.863100866356512092e-02
3.861604835848745504e-02
3.845304021732298683e-02
3.836880433082303504e-02
3.813938319764575285e-02
3.817149034472933772e-02
3.803089746794956899e-02
3.781516243470488259e-02
3.776144272387877560e-02
3.762308339083044600e-02
3.752837032474506951e-02
3.737988424192989489e-02
3.729445860539823410e-02
3.716531605896303270e-02
3.719113709595193995e-02
3.702044214019542534e-02
3.686015215700077369e-02
3.675049233906448748e-02
3.662490973771211078e-02
3.664332763475462718e-02
3.651166883389876661e-02
3.645508306260353271e-02
3.628417590245332919e-02
3.611759809152415707e-02
3.614257999365889235e-02
3.601001170453180245e-02
3.582513572666667923e-02
3.583719760880495903e-02
3.572013201873291965e-02
3.560139002567189875e-02
3.540345300066903567e-02
3.533080245154730098e-02
3.527875355294676080e-02
3.513710378041047522e-02
3.517395694968803582e-02
3.510633394417502634e-02
3.488723390287883086e-02
3.477596200852015040e-02
3.455700056847624962e-02
3.458393626352752187e-02
3.461101170896728474e-02
3.440943870068412930e-02
3.441074384205490555e-02
3.426629736403964677e-02
3.421410643026050885e-02
3.406120886887484961e-02
3.397521583482437935e-02
3.400326843031539065e-02
3.378555994295603243e-02
3.373001572761887001e-02
3.368033779508532166e-02
3.356312575425736411e-02
3.349200695593873567e-02
3.336557559775062826e-02
3.335710185170958492e-02
3.322808590760016612e-02
3.311569131662129434e-02
3.310693782911737493e-02
3.299370468300627524e-02
3.293550468762222044e-02
3.287073961451376924e-02
3.268207887407358070e-02
3.260718650696651372e-02
3.259473072560774287e-02
3.243651901112270391e-02
3.243747223859582557e-02
3.233150026329720955e-02
3.225262599173091965e-02
3.218269105862534701e-02
3.214907293852089371e-02
3.204708087669380645e-02
3.194606629828080496e-02
3.184386414588324249e-02
3.178559156546736236e-02
3.165196050358073943e-02
3.167910301824805597e-02
3.152416990380089296e-02
3.150842983056529462e-02
3.146587066233278579e-02
3.147227017996725995e-02
3.132641530254628298e-02
3.122623640533813208e-02
3.107095215147261114e-02
3.109509096191668057e-02
3.098317788862457733e-02
3.099341809353794303e-02
3.096056577655290423e-02
3.089963682078502444e-02
3.072514418933397148e-02
3.065359869702108386e-02
3.060118983596802483e-02
3.051008805748321034e-02
3.053702009372882831e-02
3.044514970093337852e-02
3.035209172320444543e-02
3.037071234208511827e-02
3.017023541293297612e-02
3.012816214781600596e-02
3.010739095027301776e-02
3.013222738752430532e-02
2.992644090477966645e-02
2.986152823214869440e-02
2.984501700692150303e-02
2.981118449357717318e-02
2.970548259981030392e-02
2.966159227358698691e-02
2.954296873363030859e-02
2.960803486617868963e-02
2.950365913792693875e-02
2.941611559511536980e-02
2.938598390505631555e-02
2.927832473780375352e-02
2.926907630522088480e-02
2.911846218747991821e-02
2.912995740864650698e-02
2.906441374994412491e-02
2.898566920576472680e-02
2.892361741657004798e-02
2.885590799433974604e-02
2.878987466963183264e-02
2.879885509459159318e-02
2.871480137344139746e-02
2.869570379890062917e-02
2.858636556664394257e-02
2.860770845818264019e-02
2.845101430163914438e-02
2.839454866237998629e-02
2.846415500237476498e-02
2.825765967879149271e-02
2.824044712778232477e-02
2.817001160846370131e-02
2.825281900270445318e-02
2.809528465960285312e-02
2.810726768307503926e-02
2.800581963056661058e-02
2.793838670563188881e-02
2.782234012385258887e-02
2.785339107354892901e-02
2.778309392064527705e-02
2.767011991372470003e-02
2.767253337654554737e-02
2.762521547930700191e-02
2.758369479426412210e-02
2.763157894736842021e-02
2.748409916699611627e-02
2.742448752657709529e-02
2.736054514899258217e-02
2.734835996870809208e-02
2.725130930279015193e-02
2.715963667757230124e-02
2.714842904180700400e-02
2.710236702261411765e-02
2.707509412085187112e-02
2.701562094005034720e-02
2.698457601144400864e-02
2.688850177136534875e-02
2.697403437403521342e-02
2.674762164200997563e-02
2.676044139033204733e-02
2.671102555362461425e-02
2.676379907435735145e-02
2.665605887464271920e-02
2.657898229315824520e-02
2.661736683877601040e-02
2.652883464208330780e-02
2.646998834905884418e-02
2.635072175865195432e-02
2.633609007851135664e-02
2.629945558863343996e-02
2.632722284156028408e-02
2.618832746358356819e-02
2.618612883757837073e-02
2.614474410287574366e-02
2.604531344734805492e-02
2.594322818948524220e-02
2.603344174168636602e-02
2.585787309778698681e-02
2.585644235202078783e-02
2.589105473666858045e-02
2.578903840135902265e-02
2.583405862194697658e-02
2.569173770546768348e-02
2.563079330264527236e-02
2.558095512179311623e-02
2.553293294384069434e-02
2.553583253469534839e-02
2.545463054675810646e-02
2.544844928751047869e-02
2.534985379973987013e-02
2.542085895741535984e-02
2.537884344304320791e-02
2.528213345701848039e-02
2.516991596756054314e-02
2.517728564363489949e-02
2.519157074740881880e-02
2.508137838925274254e-02
2.500960475893103038e-02
2.510973888989787364e-02
2.500967463875527694e-02
2.498973159650622750e-02
2.497349071721056621e-02
2.483905804248755927e-02
2.486144582521287658e-02
2.475530327584857943e-02
2.473033028166357616e-02
2.475586142149425323e-02
2.466522581627620878e-02
2.470717259493140222e-02
2.459208778128444545e-02
2.451081201154547973e-02
2.448611788308369813e-02
2.442447078415593831e-02
2.441612238482763347e-02
2.435391618024683805e-02
2.430987198455376169e-02
2.426149667771301463e-02
2.425796798137952112e-02
2.425911954957598107e-02
2.416701477711384605e-02
2.416446390450537052e-02
2.408095092397386297e-02
2.407462774146858220e-02
2.407668718084846407e-02
2.398604847407804705e-02
2.397385726839749986e-02
2.397961892360868721e-02
2.395485364528103511e-02
2.380560523080361979e-02
2.378160805522529231e-02
2.377451596768740197e-02
2.373424220790016845e-02
2.359093042880534841e-02
2.368219572339697390e-02
2.355984039209001873e-02
2.357810585495275640e-02
2.348522952083962126e-02
2.353353330976834176e-02
2.344896961229479479e-02
2.347275371673589531e-02
2.338791027009506224e-02
2.338368166405168161e-02
2.326803083775529427e-02
2.325849289900732905e-02
2.327368444583538185e-02
2.313840303013791136e-02
2.315841462426404887e-02
2.303465918537571724e-02
2.313528655657082211e-02
2.309605875884924650e-02
2.304083337757670963e-02
2.300551738976747140e-02
2.292898498887858266e-02
2.300488309220591332e-02
2.290410962731964650e-02
2.279970324129249395e-02
2.293204719084796991e-02
2.283322924394779602e-02
2.275990946306568133e-02
2.272193805197218405e-02
2.270450506337602994e-02
2.264718251512098934e-02
2.261654599665234924e-02
2.253882426909776734e-02
2.250092214317250816e-02
2.251932661099335931e-02
2.244474810051947516e-02
2.249465923173974216e-02
2.246234561001508867e-02
2.237148936943129940e-02
2.234106170307299799e-02
2.225963614110046396e-02
2.231010624325849984e-02
2.228841088980949153e-02
2.224477933923326919e-02
2.215552882230726467e-02
2.216198694446928213e-02
2.210480207793369054e-02
2.207353537047128042e-02
2.207684966934885668e-02
2.200066228126554280e-02
2.201766924174277870e-02
2.199073362525953354e-02
2.188233979083560946e-02
2.187831841096319133e-02
2.192550541216118851e-02
2.190122425255203870e-02
2.184103417488588231e-02
2.179055470169065367e-02
2.175313923870230218e-02
2.177398846999712215e-02
2.170436651264431860e-02
2.159785719076256008e-02
2.162457471408910092e-02
2.164165132025698199e-02
2.161157088304622303e-02
2.150450193658724751e-02
2.148434170612736546e-02
2.149771549134401813e-02
2.142606635004869545e-02
2.140891002783335689e-02
2.140118515496299348e-02
2.134308900830811373e-02
2.133040373907515302e-02
2.129228821658720947e-02
2.129783717092623499e-02
2.128550110244493976e-02
2.119659457216273649e-02
2.119788173485356517e-02
2.116584390487914399e-02
2.103767336707290311e-02
2.111846545299066527e-02
2.103326086106003384e-02
2.099821846508541021e-02
2.103143330622601892e-02
2.101811861003559032e-02
2.100040241898523327e-02
2.093776330185238843e-02
2.081979124456802624e-02
2.086397482635128642e-02
2.087238775521610412e-02
2.078983661395593374e-02
2.081865004066142666e-02
2.075139904843746608e-02
2.071747356301281012e-02
2.069465656321481037e-02
2.064291523093303785e-02
2.062394066464429479e-02
2.059287930022636603e-02
2.066151616901345384e-02
2.059552188335769460e-02
2.047803626597657911e-02
2.053807974781179935e-02
2.040627117815148328e-02
2.045213189613975455e-02
2.045956629819200082e-02
2.035996545807179994e-02
2.034881527448435118e-02
2.035212743659610066e-02
2.025532069492167256e-02
2.026813461366481703e-02
2.024007646227819063e-02
2.018337278486849809e-02
2.015342802646563625e-02
2.016156077602830610e-02
2.016745779669472036e-02
2.015511945917092609e-02
2.009506163006311713e-02
2.005847912358169061e-02
2.005822768183399690e-02
1.994157660716731201e-02
1.996542940065983152e-02
1.997789378958017906e-02
1.984440392099324352e-02
1.988788961955412909e-02
1.981455578487856251e-02
1.979697665839426010e-02
1.979148471768271689e-02
1.981757332699858945e-02
1.978825620538016139e-02
1.976431889193826924e-02
1.970942963303508669e-02
1.969953579104168767e-02
1.961013100436681186e-02
1.966102310710652473e-02
1.959062243667406000e-02
1.960140968276548323e-02
1.961527121199629561e-02
1.950888739833990179e-02
1.948858261169700637e-02
1.940818984430240854e-02
1.952832311138500213e-02
1.949648973751285513e-02
1.941763378352885303e-02
1.934779084813880237e-02
1.936535529678750853e-02
1.931430719440143523e-02
1.930867468498946929e-02
1.925664817428487594e-02
1.924870984015013622e-02
1.922015964047355668e-02
1.933931613301714467e-02
1.919415153031137078e-02
1.914918146183998068e-02
1.913551349629124404e-02
1.912673647259723747e-02
1.915170723390935067e-02
1.910436122923249089e-02
1.902228898826159934e-02
1.899429708537882233e-02
1.898628839096811252e-02
1.894753611320338163e-02
1.889879205585274363e-02
1.886052865098274828e-02
1.885796974261941955e-02
1.891459251278310508e-02
1.888261746917237888e-02
1.880976703172622388e-02
1.876262943864503291e-02
1.872087189713648320e-02
1.867114876157788955e-02
1.871533440378318758e-02
1.867839784456375510e-02
1.863412452748450590e-02
1.865287653161613532e-02
1.865478917190598399e-02
1.861917991229516608e-02
1.860082925622675784e-02
1.851302439978758443e-02
1.857460881328266977e-02
1.850154700116549145e-02
1.852980182426209807e-02
1.851249902176707943e-02
1.841665793243196098e-02
1.843436178508442089e-02
1.846052045004492950e-02
1.841184395141229682e-02
1.834388201869555785e-02
1.836235448663303335e-02
1.831193078515139586e-02
1.828128144355253490e-02
1.831442757980734221e-02
1.829621586268771749e-02
1.820435599840685217e-02
1.815344259912460637e-02
1.817429073331069261e-02
1.812372652544433707e-02
1.811613545176441950e-02
1.819938230197327977e-02
1.808006048418089873e-02
1.802705021815143027e-02
1.801100401505400725e-02
1.795757424995388096e-02
1.799393477789967138e-02
1.801254692168585345e-02
1.796296011616190652e-02
1.802161128750950220e-02
1.796140317042391188e-02
1.778331353504297371e-02
1.787208143677092645e-02
1.795267403444632606e-02
1.779317081896786626e-02
1.781856093109317890e-02
1.776547945971252568e-02
1.778702637433896352e-02
1.773506274256054366e-02
1.777261153083956047e-02
1.770171101306563730e-02
1.767937501746932524e-02
1.766710130405190968e-02
1.766237432533282817e-02
1.764395132606699432e-02
1.764215916459828740e-02
1.761213637348277988e-02
1.756359585987528338e-02
1.755069297991846550e-02
1.752730835238675705e-02
1.756667426009494992e-02
1.742764104929213353e-02
1.753276247363838580e-02
1.742112118603325252e-02
1.738187377974555886e-02
1.744758401511615348e-02
1.733908668460221528e-02
1.736573476221622142e-02
1.735471815720808497e-02
1.739597105330094665e-02
1.727175023514334468e-02
1.728176710644007200e-02
1.729863218167512068e-02
1.720396971145380163e-02
1.724634075780170223e-02
1.722064915389732651e-02
1.720795510925696853e-02
1.717038380800375505e-02
1.709207240120025686e-02
1.713032066548150073e-02
1.711518061916588243e-02
1.710276585931713028e-02
1.710621389807815210e-02
1.709694370992357812e-02
1.693344719199113210e-02
1.707071638812253031e-02
1.697011201878393521e-02
1.695161732149645661e-02
1.695716160519243274e-02
1.687221000081062100e-02
1.687537823147696597e-02
1.694004192872117232e-02
1.681525760343480572e-02
1.682436568655677755e-02
1.681726128830728778e-02
1.682539105739235333e-02
1.671765700668767854e-02
1.677756906417104954e-02
1.672895472073102074e-02
1.677377245308123502e-02
1.668721199847377629e-02
1.671274231645445904e-02
1.665602126657432860e-02
1.657910405205957269e-02
1.664209133079986094e-02
1.661919310790148374e-02
1.660286379169374771e-02
1.660127969318670946e-02
1.652687764768694806e-02
1.650621539046405115e-02
1.656109666084773849e-02
1.646558953429865316e-02
1.647672398491080784e-02
1.637737288917339232e-02
1.639367862279290586e-02
1.642878307588235137e-02
1.644732520353611380e-02
1.632875548237951516e-02
1.637357384555392092e-02
1.636052843437618698e-02
1.630736955096712473e-02
1.629586146169650571e-02
1.629197072130308954e-02
1.621274466503044159e-02
1.627510423262009190e-02
1.619783469794511613e-02
1.619100864472755585e-02
1.624707881878053803e-02
1.614590831391700052e-02
1.612957781126041559e-02
1.604196455152691672e-02
1.612605875939954886e-02
1.606080851593173070e-02
1.611834656960995510e-02
1.605211773733431976e-02
1.599902719384560176e-02
1.608430998455528255e-02
1.600794740123054685e-02
1.597072064831652274e-02
1.598968204715340777e-02
1.591758205663280912e-02
1.588503738905583731e-02
1.583558017412841495e-02
1.587725453142646223e-02
1.587622842782204780e-02
1.590057111228520420e-02
1.586257504070892957e-02
1.580445150144525746e-02
1.580293608295839022e-02
1.577234772350518885e-02
1.579284664982856870e-02
1.583137649558313820e-02
1.569721527621502355e-02
1.571876249234734416e-02
1.569166816924481150e-02
1.569182987716581310e-02
1.566620307924549566e-02
1.562499126404392341e-02
1.567106912876537611e-02
1.564425410101868627e-02
1.556397472292925591e-02
1.559922004948073246e-02
1.556646431721386663e-02
1.551197325237480169e-02
1.550521576624868704e-02
1.551879579439383039e-02
1.548352377957158341e-02
1.550395290065751178e-02
1.547077742817885328e-02
1.544801529726511080e-02
1.542406499110314001e-02
1.548167509994129339e-02
1.543808593285892622e-02
1.536640118084811948e-02
1.538228753300522646e-02
1.533688091963277336e-02
1.531922031268564445e-02
1.538731419849206222e-02
1.527900667167076884e-02
1.530859141305988651e-02
1.526444239744706270e-02
1.529179072140450860e-02
1.523631936416790927e-02
1.519978809294835961e-02
1.519386866496973132e-02
1.515293413809780734e-02
1.516350878173901469e-02
1.517044914481887122e-02
1.514279364218489368e-02
1.513561605922264693e-02
1.511676668050505878e-02
1.510455689124965035e-02
1.509898671929930068e-02
1.506559984791682426e-02
1.507931959457475997e-02
1.504131977254555448e-02
1.499982527135358852e-02
1.500208276837658623e-02
1.494954521500769552e-02
1.498849581767758114e-02
1.491785610945622724e-02
1.496030137407567892e-02
1.501134347886254848e-02
1.489471447661968109e-02
1.490570837882153332e-02
1.493620227401710326e-02
1.481649741048526349e-02
1.487438913925947549e-02
1.486106043895367955e-02
1.479468312034689162e-02
1.478652634050946213e-02
1.480947188906595047e-02
1.478125580985743294e-02
1.473829220356231290e-02
1.476333457743259775e-02
1.470457493681644363e-02
1.468754149921369830e-02
1.470859997707492893e-02
1.468136203071684215e-02
1.463266664057301727e-02
1.464715511252203360e-02
1.465220794833442877e-02
1.463657217463994187e-02
1.458948401382225736e-02
1.463437648088323877e-02
1.459784222342129685e-02
1.451986049079840441e-02
1.452798854848720393e-02
1.455421932641190637e-02
1.453718536908586191e-02
1.452735052651738142e-02
1.444258834712592275e-02
1.449579861300409958e-02
1.444123082428658104e-02
1.441769633903072258e-02
1.441554974026918075e-02
1.444324845705978119e-02
1.440398739644986950e-02
1.434201016840636750e-02
1.437488117737840965e-02
1.430877988567849993e-02
1.432249947578108536e-02
1.430770155546453627e-02
1.427249394700201915e-02
1.428928897444177448e-02
1.431489097583546997e-02
1.429904451698131747e-02
1.425635778031268848e-02
1.420947713194928817e-02
1.421697593598586495e-02
1.420700057734702697e-02
1.417298068051555879e-02
1.417481781365198881e-02
1.415121243384246351e-02
1.410880466129949863e-02
1.416474216312334396e-02
1.417622512529094839e-02
1.412165505903536025e-02
1.409280712619157862e-02
1.409052020600224872e-02
1.410584750276445455e-02
1.405763773363342788e-02
1.401669721205207712e-02
1.399945199964212211e-02
1.403106551269559313e-02
1.398278547123968721e-02
1.403844406388704384e-02
1.396115606354603016e-02
1.388673368534214594e-02
1.393176779128839880e-02
1.394786396596772553e-02
1.389937370687244905e-02
1.388646184429604205e-02
1.393107680779737123e-02
1.392788092551973389e-02
1.385164039389584489e-02
1.388122715167443635e-02
1.379834590124057354e-02
1.375537701677447509e-02
1.379824468204084338e-02
1.378701012566561912e-02
1.371188715382141987e-02
1.381298152267062228e-02
1.382117912843138820e-02
1.372872067517862983e-02
1.370022060488797731e-02
1.372281753937131671e-02
1.369215047028955572e-02
1.369272881562079262e-02
1.373699500350900743e-02
1.364076102228292675e-02
1.363539773521599274e-02
1.361724257967647164e-02
1.358314995987686298e-02
1.361098956097956530e-02
1.356711067865610902e-02
1.361857695076856486e-02
1.350402771447824224e-02
1.353032952929778508e-02
1.354027446133886613e-02
1.349877182852852846e-02
1.350920605628486322e-02
1.355011750495254373e-02
1.350022648220017621e-02
1.350443947674150394e-02
1.344021831826709874e-02
1.344792635103490147e-02
1.341117653966815947e-02
1.342223986869532822e-02
1.338234430616176522e-02
1.339578431413668280e-02
1.336707303433620417e-02
1.334388399491666898e-02
1.332565799591207967e-02
1.331246496112694841e-02
1.335568368014584603e-02
1.330068854636328769e-02
1.329993820549887212e-02
1.326402646262336144e-02
1.327019651265532590e-02
1.324190411746037528e-02
1.317803067373159859e-02
1.323662845726572730e-02
1.320316301022833420e-02
1.317913450501700771e-02
1.322494009221744128e-02
1.318839870537493082e-02
1.318380346277737980e-02
1.312929649653344320e-02
1.306437361414418755e-02
1.306257436096753578e-02
1.313536336437099751e-02
1.306638574278687868e-02
1.312750084584863100e-02
1.307781678473611542e-02
1.304372140883823354e-02
1.306743748732969342e-02
1.301621521864959781e-02
1.302182584344280941e-02
1.301904783209274427e-02
1.301990490051744068e-02
