1.342382656565882293e+01
4.040718164086769093e+00
1.820281456722486091e+00
1.067473350152813305e+00
7.270232384101151801e-01
5.409736353063221426e-01
4.264611193798535926e-01
3.493124950259210437e-01
2.945282515693765091e-01
2.535425151807518263e-01
2.219973387247660690e-01
1.971017309579959631e-01
1.768944327467089628e-01
1.605001933863272334e-01
1.465907637486769943e-01
1.350742348566617290e-01
1.250662972933725137e-01
1.165654187663981572e-01
1.091467246054641516e-01
1.025586152679664881e-01
9.692643140803297586e-02
9.172645686685480804e-02
8.723190223113422292e-02
8.312834347809694435e-02
7.938527749229187802e-02
7.612974307486283787e-02
7.305775025903551989e-02
7.028080763790071905e-02
6.777597792511744212e-02
6.544963503853495901e-02
6.329777488556036225e-02
6.127402446330294794e-02
5.940903911251130959e-02
5.766575941615706413e-02
5.611293741743218072e-02
5.458802384673071273e-02
5.321370316785556387e-02
5.195986945282747571e-02
5.061700309192830594e-02
4.953591424098495455e-02
4.836668770808660867e-02
4.736272821604289168e-02
4.641165692323592079e-02
4.546657765773365334e-02
4.456793589077522044e-02
4.375013093154828808e-02
4.293309665399473035e-02
4.218687370201378711e-02
4.143740014078055311e-02
4.070332107547035283e-02
4.004898058374464775e-02
3.941472891494749581e-02
3.876338709587311832e-02
3.823272340265062436e-02
3.762158893150348293e-02
3.710630149460943106e-02
3.659709651828014360e-02
3.607590057028086522e-02
3.557859539246715358e-02
3.511667665335573701e-02
3.458747003972355294e-02
3.418551476863381650e-02
3.375246180535185908e-02
3.331169257458449495e-02
3.291779340939312432e-02
3.248148194708089936e-02
3.211550764193664420e-02
3.169693803576691810e-02
3.139984467277918273e-02
3.102064106450175621e-02
3.067793177240333083e-02
3.037504208031088435e-02
3.003115012404174861e-02
2.971324923206725144e-02
2.943842386551898463e-02
2.911351594486731587e-02
2.881661144233294350e-02
2.854706836363941208e-02
2.827701862659913121e-02
2.799381996024323527e-02
2.772087091114314866e-02
2.749688129939106829e-02
2.720202056889966732e-02
2.698756553553691845e-02
2.672778935721989088e-02
2.650917894507441239e-02
2.626744507682120255e-02
2.600492027945846066e-02
2.581246647145603312e-02
2.554702900099608404e-02
2.537602787378562263e-02
2.512595121774032284e-02
2.498433893834487232e-02
2.475363343359649609e-02
2.454413239859285986e-02
2.431987515595028168e-02
2.414923550647695913e-02
2.399421316832527074e-02
2.373738051129012719e-02
2.356778106413804849e-02
2.339226934619446918e-02
2.317273099422557936e-02
2.304133635492316978e-02
2.289479456724784201e-02
2.269001631904857610e-02
2.249969611148447055e-02
2.234892792971533357e-02
2.219110174050212964e-02
2.203189010043201876e-02
2.188568442496398661e-02
2.172398134408647097e-02
2.157332822872376835e-02
2.141539329987368970e-02
2.128052503692277192e-02
2.111062516941976733e-02
2.099718726289799900e-02
2.083292811750700121e-02
2.068607710612397135e-02
2.057320675518194489e-02
2.040535007887901015e-02
2.025980649704882744e-02
2.014652557210788036e-02
2.000032139154153329e-02
1.982706219528724764e-02
1.975582285768583829e-02
1.961569150236926531e-02
1.948609453647057524e-02
1.935075243183117036e-02
1.925179707325798406e-02
1.913349999930128928e-02
1.896984060883345063e-02
1.886509510294259381e-02
1.870967651777279833e-02
1.863235990793520730e-02
1.852629622486996405e-02
1.841345327450867944e-02
1.831324206783981404e-02
1.815439031923115135e-02
1.805501440833587323e-02
1.799049127038807733e-02
1.784396015361652821e-02
1.775237826378009420e-02
1.765899225477892201e-02
1.756408160070884253e-02
1.744219653179190921e-02
1.734545220768584500e-02
1.725027183103709436e-02
1.714318258368471154e-02
1.706201747569558932e-02
1.692529591070896997e-02
1.684446357641810471e-02
1.673703306671064581e-02
1.664183047095129514e-02
1.655966668669975328e-02
1.642842966520284206e-02
1.636351057272601370e-02
1.625470321523813863e-02
1.615110774421598186e-02
1.607127182867477966e-02
1.599404852589897744e-02
1.587493430689581805e-02
1.580703144764852158e-02
1.572617054168215858e-02
1.563409851097167722e-02
1.554033389803026986e-02
1.546606692823686117e-02
1.540106622981250208e-02
1.531171505130602892e-02
1.521494028582291540e-02
1.514582689756682581e-02
1.507795660597317788e-02
1.497156108600447566e-02
1.494165403948626535e-02
1.482663132895246406e-02
1.475938594700983326e-02
1.467146509583112587e-02
1.462209659923284326e-02
1.453332084550081581e-02
1.444257280969808190e-02
1.437458150032221854e-02
1.430137499510727647e-02
1.423777125099427894e-02
1.415451157354984633e-02
1.411741105191568167e-02
1.401752762369151001e-02
1.395319317287435114e-02
1.389928675078776210e-02
1.380404102819325282e-02
1.375499784708125728e-02
1.369709060356240696e-02
1.360277814281600148e-02
1.353839615374399091e-02
1.350084161904016242e-02
1.341189431315996557e-02
1.334095274844186371e-02
1.327535081011026533e-02
1.320437933753502123e-02
1.312568943171952066e-02
1.309015767736956479e-02
1.302888628219664967e-02
