8.732288740383010506e+00
1.443878717265480338e+00
6.339987615632227680e-01
3.878869418492060239e-01
2.740354549078442004e-01
2.095495782925193007e-01
1.686973416803328185e-01
1.408325194034143746e-01
1.208158728673749266e-01
1.058526814358054929e-01
9.432645321376731395e-02
8.518013001729421441e-02
7.775751596612605343e-02
7.166928379570054741e-02
6.661281054258066936e-02
6.228590320704430888e-02
5.853740230740602651e-02
5.535048329401019707e-02
5.258678849909680098e-02
5.007646055368613486e-02
4.786470971467595564e-02
4.593911894033186893e-02
4.415903483884302955e-02
4.255998648073959501e-02
4.107036188967821966e-02
3.973185585663597391e-02
3.849805617571864375e-02
3.736394611268122751e-02
3.633649945423347849e-02
3.534763682938395213e-02
3.438649310596966074e-02
3.353207795953686010e-02
3.269963844003321435e-02
3.190622356968105672e-02
3.121024353074532826e-02
3.052648745522216697e-02
2.987220023313784042e-02
2.927597047251931373e-02
2.868184037364560762e-02
2.813541978793206166e-02
2.760887649639482203e-02
2.709479342670208582e-02
2.661848453289244326e-02
2.613618313657639289e-02
2.567974819975538114e-02
2.525098998247404455e-02
2.486898658885937363e-02
2.443200416890491458e-02
2.407172460812933776e-02
2.365258108390365030e-02
2.328250055361856877e-02
2.296806571701417651e-02
2.259485654765688856e-02
2.227001511075280688e-02
2.195878751805037041e-02
2.164865504952874498e-02
2.134795940395606620e-02
2.105390641428971782e-02
2.075950286830928818e-02
2.048927871021741579e-02
2.020316623244329882e-02
1.991369209604610183e-02
1.968575742479830581e-02
1.941842372055943566e-02
1.919264874291770964e-02
1.891746803885714645e-02
1.867101834791230416e-02
1.846987494680854894e-02
1.823381647102885819e-02
1.802275295207709377e-02
1.779816936868445013e-02
1.761153709354741984e-02
1.739382453874809345e-02
1.719672739444498555e-02
1.699365693205712527e-02
1.679074850924988302e-02
1.660074872237103302e-02
1.639597023238391696e-02
1.620290566072018698e-02
1.603266031220669866e-02
1.584098299590954231e-02
1.568013468719402226e-02
1.550320054289370392e-02
1.535639079667689560e-02
1.518038371245398511e-02
1.502475903189214902e-02
1.488414288519965788e-02
1.471542567504757933e-02
1.457770887748989844e-02
1.440857727381700433e-02
1.426957323419242828e-02
1.413596137756339445e-02
1.398536051070456768e-02
1.385166405593056538e-02
1.372604432651503524e-02
1.357058726078942158e-02
1.345636812154027938e-02
1.330815189392059450e-02
1.316503452214597310e-02
1.305952208686266686e-02
