4.029516653747132082e+00
4.114358177683203888e-01
2.060023288106253569e-01
1.366101409950448708e-01
1.024192465648926242e-01
8.237458684473146497e-02
6.928886107166878916e-02
6.014106059355747019e-02
5.339729196964364960e-02
4.821999243241727878e-02
4.411747027350246264e-02
4.077883029698067124e-02
3.798646708339951938e-02
3.562235930435920378e-02
3.357440101668306837e-02
3.178993027164001006e-02
3.023111093112868658e-02
2.882633217707429585e-02
2.755628765646709818e-02
2.640447502426152351e-02
2.532460455682635989e-02
2.438396168951244281e-02
2.349602422852584832e-02
2.266369926292682510e-02
2.189621680237069032e-02
2.117405848744104493e-02
2.042196488560085385e-02
1.978897817418579647e-02
1.915607927222635898e-02
1.861567398509925836e-02
1.806690790539950894e-02
1.755520577000699647e-02
1.703898148177009422e-02
1.653462133716118720e-02
1.612487764733754395e-02
1.569372922066889636e-02
1.527878629169277663e-02
1.488590878127177448e-02
1.448981742448806481e-02
1.412914852454467442e-02
