7.947419897874605788e+00
1.721775664638707015e+00
7.013960140125197196e-01
4.261840584481538796e-01
3.055234660973481509e-01
2.372579197706086163e-01
1.932214690400079204e-01
1.625793169260035531e-01
1.402332239200268504e-01
1.232382458000281789e-01
1.100699701328957669e-01
9.954739384636221433e-02
9.089988642829842369e-02
8.375579446549243079e-02
7.771126045160753337e-02
7.255868210192971401e-02
6.811564327701621901e-02
6.421818985777909272e-02
6.083741848192063956e-02
5.784474403099700707e-02
5.513437618480783453e-02
5.277247987692988002e-02
5.064914115057717048e-02
4.865058535647302090e-02
4.683655776850245006e-02
4.519949143212619730e-02
4.376016742825866029e-02
4.234681173604411958e-02
4.105393391578961854e-02
3.988030157804457049e-02
3.872890956956016872e-02
3.772634436189869350e-02
3.677006286154341913e-02
3.584861290531064781e-02
3.494810432242053538e-02
3.413903383530954294e-02
3.335961487994978936e-02
3.266272424348849734e-02
3.193719332373410463e-02
3.131223858373614194e-02
3.064491535257236540e-02
3.009302445114016289e-02
2.950013667681423979e-02
2.896877100319229098e-02
2.843674236435669161e-02
2.792222842683476924e-02
2.742747305040378614e-02
2.697164455652902720e-02
2.652410448848107824e-02
2.605644004919344114e-02
2.564611014486432167e-02
2.518901042238667204e-02
2.485792354408728269e-02
2.445907599987848929e-02
2.411928235542459137e-02
2.375033007709198909e-02
2.341405904947221894e-02
2.305978340036346497e-02
2.273748939614296180e-02
2.243763588533556272e-02
2.211641275042046731e-02
2.183697380403545885e-02
2.151514702983910871e-02
2.125412988623677848e-02
2.095301458152041413e-02
2.064317995373915818e-02
2.034044084822732995e-02
2.009061579945011985e-02
1.984960238591822190e-02
1.960350943622610198e-02
1.933748658930993514e-02
1.911408983919387489e-02
1.886442879393136068e-02
1.867090634401070287e-02
1.844246309249336288e-02
1.820714030252666704e-02
1.801884256384163330e-02
1.781486904206253802e-02
1.761299306258478845e-02
1.740143270025738126e-02
1.717093005405632977e-02
1.699937893087274596e-02
1.679235784737358531e-02
1.657813752940819063e-02
1.639319644236216650e-02
1.624416785965612439e-02
1.608721674663782242e-02
1.592233493953556372e-02
1.571601029045358727e-02
1.557678174374625343e-02
1.538422450161368131e-02
1.525069929879172698e-02
1.508514470586126352e-02
1.493196968740427913e-02
1.475969418812465329e-02
1.459823958235092860e-02
1.444564997961762277e-02
1.432364914949986467e-02
1.415567945587097032e-02
1.402419185742424801e-02
