3.256370923807300199e-01
1.729391741601278909e+01
1.601015981059945759e+01
1.133452860702906229e+01
9.027432111025673223e+00
7.235133435547012049e+00
5.937069300981875131e+00
4.854144570024111260e+00
4.061482126012932348e+00
3.394586506776497981e+00
2.897388160762094600e+00
2.477495762243574706e+00
2.155854961879589915e+00
1.883384907780840667e+00
1.667639033304484819e+00
1.484490726688303175e+00
1.335511896941942611e+00
1.206853243840213752e+00
1.100485031878860376e+00
1.008627074347284047e+00
9.291543047491555019e-01
8.616308572620476891e-01
8.019765639106639643e-01
7.492561800796043725e-01
7.031440975302991614e-01
6.612869984823130931e-01
6.236677801576528957e-01
5.906651069466690718e-01
5.600377944715467793e-01
5.331348912940268026e-01
5.087289467949316357e-01
4.861238537465423781e-01
4.655847127571145494e-01
4.467276706562871014e-01
4.289480648053597411e-01
4.131121626985670980e-01
3.984925608719610546e-01
3.840084182605271179e-01
3.713353735608924122e-01
3.587767021423979297e-01
3.475576345324636884e-01
3.367325177573788908e-01
3.265358619444340693e-01
3.168597166593764003e-01
3.079475440764874450e-01
2.993358551069807971e-01
2.910279201250303704e-01
2.837765390261253184e-01
2.761579198072235397e-01
2.693020403143830954e-01
2.627814445828144385e-01
2.563517377829043764e-01
2.503993630117155034e-01
2.443640770427010223e-01
2.390126962185318837e-01
2.337410004747857706e-01
2.284257013608470832e-01
2.239452329026001276e-01
2.190224971668389420e-01
2.145347615393117247e-01
2.102969379971668384e-01
2.061337445068330831e-01
2.022291823633069197e-01
1.981767999663754110e-01
1.944701472323493996e-01
1.909423476575573819e-01
1.873284515180951015e-01
1.839888353209845340e-01
1.807669735453359405e-01
1.778808059391544794e-01
1.744542949655966957e-01
1.717707147960939040e-01
1.691303251356677806e-01
1.663251486276750291e-01
1.635767836905488437e-01
1.609558279820976767e-01
1.584707662514360793e-01
1.559932469141760425e-01
1.536826013587142548e-01
1.514331282078425212e-01
1.490091380357115025e-01
1.471389497313849160e-01
1.451505211965726794e-01
1.428158669421062954e-01
1.411684304586481864e-01
1.390535754594350581e-01
1.372361309164274457e-01
1.354227282704638935e-01
1.334815104255855644e-01
1.318551406452135033e-01
1.301615916308611898e-01
1.283931570975108960e-01
1.271474785088688997e-01
1.253074225080445803e-01
1.236744889126901586e-01
1.225165990768344593e-01
1.207676763902770095e-01
1.193541557367989309e-01
1.182512858993200050e-01
1.168084116005112527e-01
1.156558729664513147e-01
1.141126552699544966e-01
1.130489236364089212e-01
1.116355334422049206e-01
1.102917275113412393e-01
1.095096093220932626e-01
1.082441028483180356e-01
1.072260458975967667e-01
1.060801722446920864e-01
1.048949078448985772e-01
1.039879191705327388e-01
1.029370783962985231e-01
1.017964840940439458e-01
1.010131753269701144e-01
9.967820579883425458e-02
9.905859092218234629e-02
9.812706473579166366e-02
9.726917346609935400e-02
9.629031404320506637e-02
9.531581069573163978e-02
9.450134665981660409e-02
9.388319692867673483e-02
9.276849210995005701e-02
9.199231855425663018e-02
9.116040764347076164e-02
9.048386720118320459e-02
8.956391167074560788e-02
8.898085542631978262e-02
8.818357459342822391e-02
8.748079231412331236e-02
8.653155747913812701e-02
8.613695064290484427e-02
8.538317468917265562e-02
8.480991473057696017e-02
8.397930302218845067e-02
8.343328429197512108e-02
8.276069025429930170e-02
8.216593779045418267e-02
8.142008867964478647e-02
8.093696044439531445e-02
8.007340692189129916e-02
7.975390349504678233e-02
7.909624354670967417e-02
7.853036009260369599e-02
7.805625356138662374e-02
7.741119872957551162e-02
7.688088506377042941e-02
7.635788716540324594e-02
7.571523987158688962e-02
7.523715516556879479e-02
7.478491359177953657e-02
7.430573611355459351e-02
7.387848008245394282e-02
7.317494866082201177e-02
7.267342471383909930e-02
7.236962766330112817e-02
7.186778951695017847e-02
7.132663753146928354e-02
7.088465993660204856e-02
7.032054006672987245e-02
7.005114512136262350e-02
6.948507603275161371e-02
6.915137757516877370e-02
6.870869253153184808e-02
6.825580816022769337e-02
6.787314042831453509e-02
6.744936819226385327e-02
6.717669625383203280e-02
6.662229363426033779e-02
6.638278261384035484e-02
6.597449710406676215e-02
6.535111688222719484e-02
6.503702446604119058e-02
6.480054555900335855e-02
6.431432904234317405e-02
6.407706979097738120e-02
6.367119017740091591e-02
6.330563483129447722e-02
6.287273927557171516e-02
6.277770598392266865e-02
6.228416398088031797e-02
6.192872456867760944e-02
6.173318614659301096e-02
6.127249259264449383e-02
6.107181448185020067e-02
6.058317049815886007e-02
6.031608497440305028e-02
6.008916907871074409e-02
5.966482525822795063e-02
5.943051189469701623e-02
5.917502257652663966e-02
5.887297803534088242e-02
5.849541772932372735e-02
5.831115892859089350e-02
5.796995279141027579e-02
5.769219391051840645e-02
5.729368754418034254e-02
5.709634676677259602e-02
5.685548663141570813e-02
5.668515891761943815e-02
5.620459322693655002e-02
5.601628029004326881e-02
5.571601624294664906e-02
5.557176600279954692e-02
5.533144620597092028e-02
5.505001985223707123e-02
5.479093615510616244e-02
5.446147330527541935e-02
5.420877177138835185e-02
5.399242651901700607e-02
5.386397608370702833e-02
5.348507331382865160e-02
5.332999604507986102e-02
5.308227336637409699e-02
5.285806152255557305e-02
5.262372807461443425e-02
5.235093439462874809e-02
5.230741802429959147e-02
5.201733952839472652e-02
5.180597012601385193e-02
5.151121872226460674e-02
5.135076429124190572e-02
5.119389064319836841e-02
5.109509565932295050e-02
5.071236605182598972e-02
5.051492856864805980e-02
5.035190214006327741e-02
5.008680785334689023e-02
4.994690309581421850e-02
4.972750813193588942e-02
4.945291333188003846e-02
4.932219383107631222e-02
4.911688865774550133e-02
4.895829602766665900e-02
4.869981439266539425e-02
4.858544256985589116e-02
4.835537686814675440e-02
4.813356316362328580e-02
4.800938008009816155e-02
4.787196108444109754e-02
4.758241073792061904e-02
4.742739513149146074e-02
4.723765508993970491e-02
4.713067593470641331e-02
4.703887849070235994e-02
4.677525089340631159e-02
4.658504151328861365e-02
4.631650739719372217e-02
4.615798455937539929e-02
4.611375566216807664e-02
4.592346620990345879e-02
4.575458697381964285e-02
4.564433399045154244e-02
4.547599879787666416e-02
4.520278855676460039e-02
4.517786653586527285e-02
4.499388035391174712e-02
4.477555812660680146e-02
4.455785808605525894e-02
4.448855558548780315e-02
4.445242062318005560e-02
4.423721054082209447e-02
4.407766884463739515e-02
4.400649655007030786e-02
4.388199057593905605e-02
4.363290951984240967e-02
4.353160464913483074e-02
4.333118441316571867e-02
4.337633256615725658e-02
4.307383743835460632e-02
4.293819489862655409e-02
4.288936573759030008e-02
4.265709818772988465e-02
4.246819802017200857e-02
4.238705588499103172e-02
4.230653638027017521e-02
4.218864357635158241e-02
4.202325541559673305e-02
4.189025681593093464e-02
4.171949527462311125e-02
4.174151704377345590e-02
4.155448176414619499e-02
4.136238492107983944e-02
4.127820333340081332e-02
4.095000358162842469e-02
4.099912016382082497e-02
4.079573130851309182e-02
4.064295202308448179e-02
4.065352668018350213e-02
4.056140126852923050e-02
4.041788650803537775e-02
4.031423681673853426e-02
4.015764033150719808e-02
4.008879448483781971e-02
3.996085063442528229e-02
3.977988180423729786e-02
3.970978924058714971e-02
3.953559354234894435e-02
3.951198470144140495e-02
3.932634224660554872e-02
3.915035427859534650e-02
3.916302914121177342e-02
3.901927593015939999e-02
3.897666733629526897e-02
3.866270287442419296e-02
3.874849138434465629e-02
3.847010950814770680e-02
3.844603149142792470e-02
3.838839384435218521e-02
3.826402612510336476e-02
3.820701093219547317e-02
3.800602361793941480e-02
3.796247847035995326e-02
3.790600759650977758e-02
3.770034696699764432e-02
3.766521058655890319e-02
3.749840375996287695e-02
3.751909651115890171e-02
3.745413715560040602e-02
3.734471626506118136e-02
3.712628283992337741e-02
3.721495213578580180e-02
3.709229312535818057e-02
3.688039904878630260e-02
3.679503711109657904e-02
3.669534747907338829e-02
3.663124256374158255e-02
3.654751503995340434e-02
3.640523140462404578e-02
3.631231496867412534e-02
3.623684046595651576e-02
3.616315667345149087e-02
3.609064066106229540e-02
3.593317105761099917e-02
3.583970809012701486e-02
3.582566985664561304e-02
3.574365299619693820e-02
3.565540644715182311e-02
3.560375759992026601e-02
3.539411410176745293e-02
3.532284188067465192e-02
3.518841816576313147e-02
3.509876843147881342e-02
3.511081486418930059e-02
3.505869747362584665e-02
3.484881756099080657e-02
3.483002753448039696e-02
3.469980672882699846e-02
3.469978290053605391e-02
3.462305774325222935e-02
3.439799096713907350e-02
3.443199568913828112e-02
3.429235101183931295e-02
3.419218591583514377e-02
3.421957152824500054e-02
3.409534414689414927e-02
3.408729874442059660e-02
3.385374081324667855e-02
3.403390791350772299e-02
3.378594311398228772e-02
3.367471849740690665e-02
3.353904209541044845e-02
3.351129440201343346e-02
3.344912761043285221e-02
3.342675280258407960e-02
3.336902435035860037e-02
3.337110097744220433e-02
3.315903084180705368e-02
3.313361844748801549e-02
3.296242997378835693e-02
3.303560304011961268e-02
3.302039157175363365e-02
3.280224521008350685e-02
3.279497630346515924e-02
3.272019200219288687e-02
3.252127866682241047e-02
3.248737684441357215e-02
3.249171044413953074e-02
3.244246751143173985e-02
3.231099052908478764e-02
3.218644384568660616e-02
3.217707131165030432e-02
3.206101222923428418e-02
3.206768141019551016e-02
3.201259683583930482e-02
3.188181881896692826e-02
3.186395748710409148e-02
3.178029258811051333e-02
3.166944936781806302e-02
3.167160129645002486e-02
3.153575989782886335e-02
3.152443934280182991e-02
3.154387921340439521e-02
3.143638337406180761e-02
3.137218560374795823e-02
3.130533988521232852e-02
3.112830073482915696e-02
3.110257252905912831e-02
3.109016092154529703e-02
3.108335630658623852e-02
3.094665524491862010e-02
3.085060486037670066e-02
3.081327252791068658e-02
3.077134539994735504e-02
3.065738280434735299e-02
3.058851015115763086e-02
3.057212589791353727e-02
3.052420165004524760e-02
3.041163973696424730e-02
3.031340677620276633e-02
3.042614167341598647e-02
3.031965347899426635e-02
3.021737031141458890e-02
3.023992386731605767e-02
3.010423091540038315e-02
3.005194420864906041e-02
3.002231969023447244e-02
2.996294582988725044e-02
2.983519513046078639e-02
2.975051048936889347e-02
2.983092690372723954e-02
2.971657043529186276e-02
2.962308497448709263e-02
2.968091684617625223e-02
2.954677847937622545e-02
2.940648728632062545e-02
2.942950730813801222e-02
2.929965125859976954e-02
2.927609957291183243e-02
2.919133486287831675e-02
2.916529080090963025e-02
2.921089562769949022e-02
2.906842175764542263e-02
2.913295130814293199e-02
2.893572745850570699e-02
2.893951075909441395e-02
2.893535031946343691e-02
2.878321778530964353e-02
2.884603403051656453e-02
2.867030315679949468e-02
2.864963162567561381e-02
2.870146680186726196e-02
2.860805472828999163e-02
2.846191708190097536e-02
2.851546558754902705e-02
2.835258292380900616e-02
2.835410682799483981e-02
2.825313900402334419e-02
2.821128283089460731e-02
2.825976906578027067e-02
2.813909657320872240e-02
2.804786300290187245e-02
2.809736167402390739e-02
2.800371341299102632e-02
2.795897482227303540e-02
2.791462550331388903e-02
2.786396757602096000e-02
2.781502290523417062e-02
2.772908385151216792e-02
2.765256833818542648e-02
2.760650477421766613e-02
2.750257403164228787e-02
2.764218334299083438e-02
2.760795779353787671e-02
2.741118965211079492e-02
2.740562474201110529e-02
2.735488734921742715e-02
2.719667031681524336e-02
2.735263605521650113e-02
2.719449641032990056e-02
2.715528521137730231e-02
2.707759911149741627e-02
2.708628644595297702e-02
2.715424384362679494e-02
2.693667676050194928e-02
2.690720043615405649e-02
2.694906647309704140e-02
2.682620608654881153e-02
2.680194774849993522e-02
2.682192809332508907e-02
2.672180943034721187e-02
2.671764524455230716e-02
2.654150985718914391e-02
2.656624094384913912e-02
2.659486639479349476e-02
2.649965340789606910e-02
2.655351390420646746e-02
2.640276776075879683e-02
2.632453322782345520e-02
2.631849909885491598e-02
2.631153031341516499e-02
2.619513084168926739e-02
2.608854473345608230e-02
2.611273029190428613e-02
2.603683118469178603e-02
2.605462999742972491e-02
2.596930621197157327e-02
2.604489736787584178e-02
2.585676187627735517e-02
2.589403241057339211e-02
2.580917516940571532e-02
2.588593486398452215e-02
2.562006579972209500e-02
2.579013532269797820e-02
2.559015867378253151e-02
2.569893059374245628e-02
2.552987488005184144e-02
2.554447980583945954e-02
2.555223057534792772e-02
2.544011053975365338e-02
2.541296694395114852e-02
2.543964457682116112e-02
2.530703899753558583e-02
2.523580974456994877e-02
2.518553251414471297e-02
2.513790337027892174e-02
2.511893746086046181e-02
2.503103906482452221e-02
2.504019117289681823e-02
2.498103378712042411e-02
2.497195955945352361e-02
2.495992547462413946e-02
2.497382884061763800e-02
2.497012900220741544e-02
2.488799332010231680e-02
2.484675000973634099e-02
2.482342146422317902e-02
2.472827737906259718e-02
2.475059275114422155e-02
2.466635302474915262e-02
2.457603751246261251e-02
2.456369105759449376e-02
2.455243504622085793e-02
2.454398310061892824e-02
2.450118083986066800e-02
2.437246364394039799e-02
2.445794919568665057e-02
2.440042497970908858e-02
2.432856840189932465e-02
2.429402206847989729e-02
2.429951239270302862e-02
2.426348594582721299e-02
2.421717753946048268e-02
2.418699281983215793e-02
2.417441182976946823e-02
2.403229449840708562e-02
2.406847441361948184e-02
2.401219498896250623e-02
2.394851550548214580e-02
2.398975854532085089e-02
2.398107181804019425e-02
2.380561427888187864e-02
2.383525108350547858e-02
2.379104435758384872e-02
2.375392586961127747e-02
2.377865538756338687e-02
2.371863578721720295e-02
2.366601598708819101e-02
2.362196444261651512e-02
2.355111693418352956e-02
2.358457056505008573e-02
2.353148285762803396e-02
2.352115945460890242e-02
2.340528784661474737e-02
2.342020234122570155e-02
2.343924534768689061e-02
2.336582622405294560e-02
2.329544480847755769e-02
2.327039860909014407e-02
2.330696811402736476e-02
2.324694646974512224e-02
2.309617544739740735e-02
2.313414698743375061e-02
2.316705537042143548e-02
2.311233010737276383e-02
2.296895813047711635e-02
2.301986059569323742e-02
2.301763744541365786e-02
2.291640700949722220e-02
2.291831224654175200e-02
2.289092806954679329e-02
2.284726322660854403e-02
2.285890556936940460e-02
2.281414997187890953e-02
2.272600511633269399e-02
2.269916571241616110e-02
2.261000772749367435e-02
2.265008265003591245e-02
2.262386618930549084e-02
2.265451554152690325e-02
2.253879350637210538e-02
2.246910925919867047e-02
2.252678941448108332e-02
2.252526653133018683e-02
2.242216322664273773e-02
2.247953198152230492e-02
2.237899896238085273e-02
2.235792307584446789e-02
2.230101331771187217e-02
2.237676657043457043e-02
2.220596712627560809e-02
2.225803888453514734e-02
2.212330645261806686e-02
2.219796929797911503e-02
2.211558535848162990e-02
2.210549275915524650e-02
2.209758134375331209e-02
2.208756658559803479e-02
2.195337793413332239e-02
2.201923840951263561e-02
2.201732519007852315e-02
2.201502245890324394e-02
2.183814295819194382e-02
2.182766029381291370e-02
2.180868633108769272e-02
2.182211939205559031e-02
2.178655228610512987e-02
2.177505675152259165e-02
2.175522566652956027e-02
2.172394290708925049e-02
2.158998488696383874e-02
2.156470025505235685e-02
2.163772848800613394e-02
2.158595696348081239e-02
2.149313053693680323e-02
2.151560004674171397e-02
2.144536508450915063e-02
2.149424374009656705e-02
2.146210319995263405e-02
2.136265407333197419e-02
2.134983328659125629e-02
2.134838638307684847e-02
2.127744937038225648e-02
2.126595275600365667e-02
2.132418013885599775e-02
2.119247758310416688e-02
2.124369365579435731e-02
2.119386799581809630e-02
2.118268277938087710e-02
2.116277221798940761e-02
2.118485221482993563e-02
2.104590306461891214e-02
2.100955425921770953e-02
2.096198701478793613e-02
2.095087923765125149e-02
2.092465780104548964e-02
2.095289216022337003e-02
2.084144200011530182e-02
2.085464052776401372e-02
2.080333312039089888e-02
2.081512932377687849e-02
2.071886992656579371e-02
2.071165693878759470e-02
2.069984745955496738e-02
2.075721880472922859e-02
2.058328594021455529e-02
2.052870547247247560e-02
2.055358970883135183e-02
2.061088327682488938e-02
2.045260840367035468e-02
2.044188909144735791e-02
2.040553826880797325e-02
2.048721696261070549e-02
2.036937488606032839e-02
2.033941220282150034e-02
2.028685619015713898e-02
2.036518517133490552e-02
2.027219480727909459e-02
2.022485828521211268e-02
2.021187913010824566e-02
2.029659696469195140e-02
2.013457903733216481e-02
2.015502245324707342e-02
2.007987198045426899e-02
2.004679202712473032e-02
2.009598379494370937e-02
2.009905356091085116e-02
2.003636799927700426e-02
1.996916350354954739e-02
1.999272326110092257e-02
1.996860245882481344e-02
1.998024211203719772e-02
1.988802807244985718e-02
1.980804559910372478e-02
1.984726520258162791e-02
1.990269023708055030e-02
1.976941679495889531e-02
1.983185381519345786e-02
1.980383693643437970e-02
1.969603949133711882e-02
1.968313699825479865e-02
1.968792023173808123e-02
1.972667267100682714e-02
1.959433243423912632e-02
1.961812589208359464e-02
1.961449462801224605e-02
1.959621599553722920e-02
1.948420965698641205e-02
1.953573966267342990e-02
1.949424309428423110e-02
1.946692637319828723e-02
1.944264813813500331e-02
1.934209378135966217e-02
1.937624951889140024e-02
1.926089138070202073e-02
1.931242160047993983e-02
1.938755952529357465e-02
1.926955182993815227e-02
1.927628236892707514e-02
1.924023866326134841e-02
1.924439804282107938e-02
1.919939414621832374e-02
1.922334348285437491e-02
1.907105247165116063e-02
1.909095017265666910e-02
1.914653244719393549e-02
1.908166000243091340e-02
1.902769531876964335e-02
1.898650838667854945e-02
1.906936083810818056e-02
1.890195253455503183e-02
1.891102007233582891e-02
1.884715954423057602e-02
1.888528922735057194e-02
1.884075134870645887e-02
1.897401534925396288e-02
1.886722329225648531e-02
1.882767175245394012e-02
1.879224960341082176e-02
1.879695381637814730e-02
1.875709031976563121e-02
1.872938155173837702e-02
1.875177258546589093e-02
1.863781074835168736e-02
1.869947141726246639e-02
1.860553360915671167e-02
1.865301364782441865e-02
1.871272671739547186e-02
1.859253060562994150e-02
1.856972998748657872e-02
1.852519050661513914e-02
1.853542649394039968e-02
1.847966676432271499e-02
1.847899430737080795e-02
1.845658292115080756e-02
1.841640629261109136e-02
1.837872290027800851e-02
1.838030989414106073e-02
1.839342872548316993e-02
1.837989967290061880e-02
1.840369331463300590e-02
1.830570095948411830e-02
1.825095294047978864e-02
1.817984188799386461e-02
1.817059791552386172e-02
1.821020889986675953e-02
1.816130429768705867e-02
1.816444935506542763e-02
1.810884349501006713e-02
1.811580651746712983e-02
1.811427636397637542e-02
1.808929247657354092e-02
1.810350201343955204e-02
1.803433761319771234e-02
1.812428508647531689e-02
1.795857780686785712e-02
1.793826868053434442e-02
1.793042670602150793e-02
1.799473882702023672e-02
1.790071702294442416e-02
1.791554980675726105e-02
1.791838286744618439e-02
1.782256832866328453e-02
1.789241316113870245e-02
1.786392197931666384e-02
1.780169088713133563e-02
1.774257644847695298e-02
1.776340908842977823e-02
1.773429415651610330e-02
1.769388050885890157e-02
1.768408995277946649e-02
1.765474099574702860e-02
1.770837878778433808e-02
1.763258824281130344e-02
1.763884949490856710e-02
1.758191579718388839e-02
1.757173536305605549e-02
1.752991835278019939e-02
1.757295897216914690e-02
1.755475243157991402e-02
1.742628494841504810e-02
1.750742995890340603e-02
1.749911946862658940e-02
1.739574258521297059e-02
1.745569276995773481e-02
1.739431626029564262e-02
1.731735483609546725e-02
1.734847339605674610e-02
1.734499385959990814e-02
1.732491650445491457e-02
1.731964466609522274e-02
1.732208730941683233e-02
1.723998204623095401e-02
1.713870710842566036e-02
1.722569765883368714e-02
1.711257782730326096e-02
1.708439570852372802e-02
1.709720202667215291e-02
1.706403259138273426e-02
1.710496991308223594e-02
1.712369864721650925e-02
1.707299587462732249e-02
1.703530651239483842e-02
1.706541237490979968e-02
1.699390308523835921e-02
1.696611001581896372e-02
1.702481476979087610e-02
1.693507035953574838e-02
1.686044336940801039e-02
1.691603117679787993e-02
1.692408397362966249e-02
1.685826232916529804e-02
1.685719762853242140e-02
1.683259900222403363e-02
1.679927247337233837e-02
1.679898694720436542e-02
1.677703764198346797e-02
1.668534326232070861e-02
1.672908659615786331e-02
1.666170527460915374e-02
1.663959976309965436e-02
1.661616940894830238e-02
1.659382997359799827e-02
1.662416987081077879e-02
1.660977905787885608e-02
1.658011424296501959e-02
1.648397634714953222e-02
1.659107592894782518e-02
1.650647120066332796e-02
1.653618781473509616e-02
1.650473028786957758e-02
1.647950698945931103e-02
1.643285308163239949e-02
1.639890150824414167e-02
1.639058861668999181e-02
1.631135979301906805e-02
1.636126021658219215e-02
1.632333389962328796e-02
1.638422261775991998e-02
1.634520519762282242e-02
1.631647443890274149e-02
1.628337949404534690e-02
1.627109186749335287e-02
1.625373871760622466e-02
1.624589305419609983e-02
1.621887639398686062e-02
1.621508305875678235e-02
1.623942281165785886e-02
1.619674185463659127e-02
1.620097538774702139e-02
1.614146105768481457e-02
1.609807836480987159e-02
1.612319744134865437e-02
1.615307043316027355e-02
1.612145526866234566e-02
1.608228060194673986e-02
1.609680104242000934e-02
1.606526357462713384e-02
1.603809022073561866e-02
1.595246742032572704e-02
1.604655693756039739e-02
1.600629072959058874e-02
1.592362892742581540e-02
1.587073726146666711e-02
1.596085265034851569e-02
1.595643533491797675e-02
1.591531140601084096e-02
1.586982307547231408e-02
1.584685740649529467e-02
1.582685314641715454e-02
1.576367348847358685e-02
1.577149145298479063e-02
1.573106825776846712e-02
1.575338195387231480e-02
1.575566660328009752e-02
1.572833617793988059e-02
1.568183376872767099e-02
1.571443490350908634e-02
1.566917928430923423e-02
1.559103499121673557e-02
1.564093771432134225e-02
1.564696310082159397e-02
1.565127393002659073e-02
1.557507750675310269e-02
1.559567676087512261e-02
1.555236885380053072e-02
1.551747787403710312e-02
1.555249527318865350e-02
1.556343055590193696e-02
1.547211367451691369e-02
1.545647260540877581e-02
1.538097635566418146e-02
1.543804984194479570e-02
1.540978291535928003e-02
1.539468720871145675e-02
1.544147331831749979e-02
1.537977130173456483e-02
1.531495160885552528e-02
1.533071879939271361e-02
1.529535914306334211e-02
1.527005330922467756e-02
1.535269095097881870e-02
1.527555655315819202e-02
1.526872183521761107e-02
1.524287023643256141e-02
1.528069396057892340e-02
1.524073548712928661e-02
1.518737149920580849e-02
1.520064470673325799e-02
1.518765266214727044e-02
1.516873723754150194e-02
1.510344816836027733e-02
1.511828010624633768e-02
1.515025867968144806e-02
1.507966941324279976e-02
1.502482366236701679e-02
1.510286442907825787e-02
1.506617845346152826e-02
1.502185427779561752e-02
1.501533075300730616e-02
1.494965082928045863e-02
1.504055218941294063e-02
1.500246290828940142e-02
1.490233306366004276e-02
1.495582339333703312e-02
1.490206776147089303e-02
1.488634698541263339e-02
1.492947142146768685e-02
1.486043908765541377e-02
1.489054747307528605e-02
1.478121931068884266e-02
1.483065709132685636e-02
1.483216109541891925e-02
1.479329142160568794e-02
1.477351731706328525e-02
1.479715668623003688e-02
1.472009527610116178e-02
1.466672798100710287e-02
1.468343044916461601e-02
1.471868321327636335e-02
1.469033515198752901e-02
1.464187785171917715e-02
1.469373248240836254e-02
1.461877452271795504e-02
1.460297492112187789e-02
1.461998924387563487e-02
1.454284841323535450e-02
1.450584807628454292e-02
1.453915247579081263e-02
1.452686008065584740e-02
1.446382640415283180e-02
1.443953052975187334e-02
1.449793293093557499e-02
1.452531384112226709e-02
1.450592842244413823e-02
1.441241806121733131e-02
1.437666411009471713e-02
1.443865231034961207e-02
1.444070137587648642e-02
1.435553040542120531e-02
1.436529587828147374e-02
1.436726689416177247e-02
1.443712800750766162e-02
1.433340556247534973e-02
1.430341898995441709e-02
1.432121282980630510e-02
1.429715000140301812e-02
1.433014327960802775e-02
1.423078481991419710e-02
1.425068319534320352e-02
1.421851372628493877e-02
1.425337779378270733e-02
1.416235883941209875e-02
1.413268336484963320e-02
1.418765764670302035e-02
1.413779395602254157e-02
1.414584450569322631e-02
1.412248251263128161e-02
1.412616803489528602e-02
1.406991227837701801e-02
1.413899541670564017e-02
1.396480523307023526e-02
1.409694789058675742e-02
1.404092558035846539e-02
1.406573482826569549e-02
1.402615927851525064e-02
1.401706123899765233e-02
1.400180527645829114e-02
1.392068307527297502e-02
1.396879886382591980e-02
