1.079833144472393158e+01
5.096486162974769307e+00
2.216353515825651765e+00
1.227193964195488096e+00
8.090325764132323405e-01
5.937586138727909413e-01
4.672227116923872159e-01
3.851450857937183669e-01
3.271266858445100456e-01
2.839200782063595607e-01
2.505818822599074069e-01
2.239338535756149329e-01
2.022613747454809208e-01
1.841814929722611072e-01
1.690514619118338446e-01
1.561071215633284825e-01
1.450565875012453931e-01
1.354098227948994648e-01
1.269368327319033984e-01
1.195396300787884558e-01
1.129489466768792000e-01
1.071909711789495595e-01
1.018825758401340070e-01
9.721219367524321087e-02
9.286115504851104319e-02
8.893860254108913732e-02
8.536818211540078694e-02
8.214339426416715495e-02
7.910203516070171692e-02
7.632047491604429523e-02
7.376350229955565274e-02
7.135385252524938104e-02
6.913042124405251176e-02
6.710085741020702099e-02
6.509550381610455794e-02
6.334086906969466080e-02
6.165807731352021537e-02
6.001675326151436479e-02
5.856490693771038841e-02
5.712457551774768189e-02
5.576802107597065433e-02
5.450072636058314601e-02
5.332387681825118131e-02
5.222107864279786071e-02
5.117266765074085511e-02
5.012561057452006447e-02
4.911002183059334780e-02
4.819114530537376567e-02
4.728340350789775326e-02
4.638970855010020322e-02
4.560023544140592161e-02
4.479874430272519359e-02
4.413115785408634056e-02
4.338917411392079898e-02
4.266798302028409345e-02
4.202563795114400841e-02
4.137731870787706573e-02
4.073054660576831687e-02
4.018788211001030758e-02
3.957271865116257503e-02
3.899440627394307884e-02
3.846341079790638329e-02
3.795637386356203596e-02
3.749631306909938927e-02
3.702179316273390697e-02
3.651833060021211080e-02
3.605270370866413970e-02
3.564452051274464434e-02
3.515590835186604285e-02
3.474029867482320011e-02
3.430681920828284465e-02
3.397124715578584558e-02
3.352018726405103094e-02
3.319904124544646035e-02
3.287468189223115983e-02
3.245076494417301755e-02
3.210096126889986495e-02
3.177342410324220795e-02
3.148252961570450342e-02
3.114194622562311762e-02
3.080785237240829186e-02
3.048197706384151925e-02
3.026146427470025047e-02
2.992458331581086817e-02
2.967965571595008317e-02
2.932061623960512467e-02
2.910265755788778511e-02
2.883488340578773193e-02
2.858730732327323040e-02
2.828617623282134175e-02
2.804940202305926042e-02
2.779505384015090383e-02
2.755408200776338426e-02
2.730086310696700630e-02
2.708201838692291669e-02
2.686126986648971343e-02
2.662841450041123631e-02
2.641979366412082822e-02
2.614895366986625183e-02
2.596392570795681351e-02
2.573909413223500822e-02
2.555312543325497648e-02
2.531619876062797189e-02
2.506182109347860135e-02
2.495276728854326290e-02
2.476307906088424937e-02
2.454746556413747380e-02
2.437068574713395844e-02
2.422831620730696647e-02
2.401024765424059418e-02
2.383338162761061696e-02
2.366727787964660948e-02
2.349254075477342010e-02
2.333557673283137221e-02
2.315133093827799124e-02
2.296823514932081617e-02
2.282745050384191177e-02
2.264752758766278712e-02
2.249642444278952824e-02
2.237884686992193048e-02
2.218017349902157501e-02
2.205265150511885250e-02
2.190136763482374016e-02
2.177257947160710083e-02
2.157430027982574702e-02
2.145599331903032606e-02
2.131316042865734686e-02
2.119509888394283115e-02
2.103063533019220582e-02
2.087539322814009959e-02
2.074054453270343656e-02
2.054581461623919067e-02
2.040868635748876656e-02
2.027219480727909459e-02
2.014257266531417276e-02
2.003865852879445006e-02
1.989843681828947636e-02
1.980076757307604185e-02
1.966203771515119547e-02
1.954498070129784965e-02
1.937776198757144505e-02
1.929721087725148540e-02
1.916582779888365701e-02
1.906235147639282965e-02
1.887723459160267278e-02
1.885162289648337208e-02
1.871510538897147927e-02
1.862670695466665111e-02
1.849517225903370490e-02
1.838975351525549973e-02
1.826215758814894383e-02
1.815212258821586114e-02
1.809313872162172238e-02
1.794454582714517799e-02
1.788256726894174239e-02
1.774717028766988752e-02
1.766372952991266537e-02
1.756225619990555917e-02
1.745685396270287362e-02
1.734601100594869785e-02
1.724922387352567296e-02
1.709263562448277290e-02
1.705826338215629331e-02
1.694049402072524482e-02
1.685428316719345121e-02
1.673043204498591771e-02
1.661670963096421871e-02
1.653956512726519057e-02
1.644131619306492265e-02
1.634507631666310898e-02
1.627411556769191997e-02
1.621421991823476794e-02
1.612745250846337602e-02
1.604698067124596395e-02
1.596161339696810025e-02
1.588305617599244240e-02
1.575505636191331174e-02
1.567696391468959352e-02
1.562198585318864442e-02
1.553157728200164206e-02
1.541599381496006581e-02
1.535245494066648717e-02
1.528197862012850398e-02
1.521941973366919623e-02
1.512407876195583090e-02
1.504621034631650062e-02
1.497016451603852029e-02
1.489377456107670444e-02
1.480216926367247145e-02
1.471721878151777997e-02
1.464953904766655608e-02
1.454693971719099067e-02
1.448650637268351048e-02
1.440479326809907673e-02
1.436130311561737045e-02
1.428599488988624606e-02
1.419091833107808884e-02
1.412044030598802978e-02
1.406148181174761251e-02
1.398690161243302393e-02
