4.253273970792308489e+01
1.296514048709152256e+01
3.196673840942537481e+00
2.842782049812144773e+00
2.590516529280610047e+00
2.387360584969031585e+00
2.210129847987518215e+00
2.058478958274064130e+00
1.922246644215467981e+00
1.803786553828270245e+00
1.699097598773448015e+00
1.602113372987301165e+00
1.518662575454577945e+00
1.444166657579665669e+00
1.375705734899437482e+00
1.312978582439351616e+00
1.257178894413911507e+00
1.205249868730150498e+00
1.160153738071618923e+00
1.116121636541058670e+00
1.076444249109426599e+00
1.041827199675359639e+00
1.006685846507081372e+00
9.760944141760057313e-01
9.472985887864303622e-01
9.197716476235324734e-01
8.949296794912892095e-01
8.717846356501482985e-01
8.493999912754844894e-01
8.285527141546095153e-01
8.092220191611779745e-01
7.900328069091806515e-01
7.720515528787810222e-01
7.567499415864878953e-01
7.414937051732787276e-01
7.258393248716452639e-01
7.117522404199655428e-01
6.991158222311235626e-01
6.864260015612781984e-01
6.743698902370788284e-01
6.630952380952380709e-01
6.517153134013538018e-01
6.410342427405297805e-01
6.313541297939490038e-01
6.215714102514948713e-01
6.119680125860789133e-01
6.040435069154551639e-01
5.954304038414566236e-01
5.869090555730366310e-01
5.780636614506227122e-01
5.716015799302582856e-01
5.638281802866174086e-01
5.557932097663650373e-01
5.490230817209469372e-01
5.430130913432393847e-01
5.361700439786006855e-01
5.308070704773589776e-01
5.243922150908557622e-01
5.185246520471257226e-01
5.126424554986160897e-01
5.070781629104660349e-01
5.020677992210094143e-01
4.963912819560131195e-01
4.912726670503389514e-01
4.866994057772101034e-01
4.812394941663181713e-01
4.772882189639818251e-01
4.729960638784235227e-01
4.683838473327259777e-01
4.643550292180562700e-01
4.601952403148439896e-01
4.550922373698622070e-01
4.519984502192437303e-01
4.477485527721219993e-01
4.440252200239478975e-01
4.404545642381916815e-01
4.369688169867484429e-01
4.326509035717390761e-01
4.296272223739307505e-01
4.262467753885154642e-01
4.226946931326782675e-01
4.192318208161568971e-01
4.157864181539147053e-01
4.126441345578771291e-01
4.098651488361698125e-01
4.072587030874697533e-01
4.045021162975075968e-01
4.004643260147874306e-01
3.981334904462642266e-01
3.949965499034072125e-01
3.932544891272363174e-01
3.900787797812999003e-01
3.872019160954397465e-01
3.850808458102121246e-01
3.821397562125591341e-01
3.795735704260162491e-01
3.766548780713611100e-01
3.748424878048941533e-01
3.718036891281619183e-01
3.704323248541905311e-01
3.679033164699269109e-01
3.650505558849271859e-01
3.626765476709297720e-01
3.608467739402181906e-01
3.580362197309179817e-01
3.557596509472800150e-01
3.537548583706825456e-01
3.519967170821182711e-01
3.494720440618018786e-01
3.479955808237378823e-01
3.454298346268439568e-01
3.437830165999404275e-01
3.423501268508450934e-01
3.393001523478332282e-01
3.375176671258851568e-01
3.360231881757499428e-01
3.341784802039199365e-01
3.326452614810829211e-01
3.301364535567808955e-01
3.288283893813972458e-01
3.269372718133234379e-01
3.249654327626307904e-01
3.229714061209196241e-01
3.217131852908173273e-01
3.200957884056475633e-01
3.176800138901520465e-01
3.163668245084998443e-01
3.143776174653460376e-01
3.129416838423418334e-01
3.119376591008234390e-01
3.100290712095806200e-01
3.079789005575166438e-01
3.071544045371620846e-01
3.060547219303458855e-01
3.040385405345693570e-01
3.024972755040110650e-01
3.009599559711483852e-01
2.988156902927748826e-01
2.975247285695102328e-01
2.965000034729078360e-01
2.947856372668999358e-01
2.938045358189588785e-01
2.924830667071517953e-01
2.906637788834823821e-01
2.894540645813432067e-01
2.882668241123421127e-01
2.864554011885254159e-01
2.855608541756319840e-01
2.843034325263727458e-01
2.824816839790511569e-01
2.814514661859318645e-01
2.801807532399399614e-01
2.789672469091371010e-01
2.773468524329980034e-01
2.756453895360261308e-01
2.749372733031539284e-01
2.738212749403575175e-01
2.725653318619419285e-01
2.710989802730166542e-01
2.700735673811910931e-01
2.686845831183094502e-01
2.677104115687699570e-01
2.664212931137718843e-01
2.653276658359938756e-01
2.636541013911476439e-01
2.627767917546781629e-01
2.616483755692603497e-01
2.603386508815290767e-01
2.598146182795983417e-01
2.586117173545751657e-01
2.570726736780814536e-01
2.562621023089873828e-01
2.551127423540450190e-01
2.542230732863961506e-01
2.522935567349677277e-01
2.517446217215453808e-01
2.507798046154375293e-01
2.499476431822490463e-01
2.491654276285969194e-01
2.475960989689602876e-01
2.469640623862681406e-01
2.457953631456999688e-01
2.449896010275230407e-01
2.437689233457881466e-01
2.424645178879606955e-01
2.414350446424878560e-01
2.404952218856892254e-01
2.399256327716086379e-01
2.386575547699812949e-01
2.382993746718094219e-01
2.366001263967335289e-01
2.359619973085893829e-01
2.349396992373727067e-01
2.342307375417788662e-01
2.328652761720345077e-01
2.329656548476811695e-01
2.315554920234063063e-01
2.302085094681822208e-01
2.298095396297739901e-01
2.285684126163169405e-01
2.274708802117802742e-01
2.271734695532097170e-01
2.262201873357436999e-01
2.250531200083654981e-01
2.242291955943066517e-01
2.235303461250179868e-01
2.224479476561140034e-01
2.215515121752019145e-01
2.210286794430898483e-01
2.201295720785639565e-01
2.191672430396754134e-01
2.182373309214835078e-01
2.177263707737702170e-01
2.165803300856040947e-01
2.158088982346894613e-01
2.157026530163105860e-01
2.139509377713765259e-01
2.134554801762901799e-01
2.122209991706342225e-01
2.121901810420633305e-01
2.111654983882391146e-01
2.103519523471157060e-01
2.094473793428019426e-01
2.086861002471974702e-01
2.079721378623759220e-01
2.071989210389137692e-01
2.063237530126742492e-01
2.055223790196463174e-01
2.050135766854352948e-01
2.045914832956181872e-01
2.030970009697780077e-01
2.027182455688585627e-01
2.016768478358726691e-01
2.014708525403964834e-01
2.004386972406493050e-01
1.999486957975238344e-01
1.994616658700663070e-01
1.983692297202157284e-01
1.975683900638371127e-01
1.972077747762985833e-01
1.963456777046619084e-01
1.958370861589172340e-01
1.950103838619492436e-01
1.937626178785843423e-01
1.934112283795897114e-01
1.927490056985102507e-01
1.923350398650487125e-01
1.908975381332634336e-01
1.909751279090706744e-01
1.900884280802271342e-01
1.895161957727129753e-01
1.887830716555433386e-01
1.886319006463179904e-01
1.880990379640232191e-01
1.869222890413598237e-01
1.868677656265776421e-01
1.857221079003890385e-01
1.850365926449230591e-01
1.844503827963766829e-01
1.839406378045998769e-01
1.836358098668485206e-01
1.828906669774220117e-01
1.816866595554355035e-01
1.809762523460123618e-01
1.809094304042207224e-01
1.804062565696795684e-01
1.796752968565944186e-01
1.789201574992410060e-01
1.783570318987060255e-01
1.773807091944048786e-01
1.769162260502782635e-01
1.767265368744924126e-01
1.763967945373109691e-01
1.754214204384235976e-01
1.747453396982681928e-01
1.743553153272466849e-01
1.735216134282834555e-01
1.733623510005367074e-01
1.723862544475442959e-01
1.720826188346865071e-01
1.714326393303665930e-01
1.703194259068379901e-01
1.702829760730886210e-01
1.698190551211867516e-01
1.690051349837156103e-01
1.689617207690613798e-01
1.682891714033871167e-01
1.679682675391614421e-01
1.673102700153908384e-01
1.665221279933826737e-01
1.660664320033908015e-01
1.654441676515203963e-01
1.646967234503047273e-01
1.644946572044209965e-01
1.632289546657800794e-01
1.630431003223707376e-01
1.624022449228291198e-01
1.621057769650592617e-01
1.619334871211022264e-01
1.612058457017415125e-01
1.600596085703877847e-01
1.596279999483388445e-01
1.595964305844312092e-01
1.589435927767333112e-01
1.584586476125377785e-01
1.582998988271566987e-01
1.570568844090632910e-01
1.568156596089667898e-01
1.568453354776063458e-01
1.560540130412622351e-01
1.556773208543221210e-01
1.551780839339124141e-01
1.546139263647636208e-01
1.538530324392155813e-01
1.537853160485371518e-01
1.533522888166512499e-01
1.528957398523911881e-01
1.521096383311545674e-01
1.514728978970524831e-01
1.512564490075889445e-01
1.507667492481551685e-01
1.498348744061788196e-01
1.498635066179914155e-01
1.490856264848860746e-01
1.488396726493699529e-01
1.482171158862253257e-01
1.479953310620177875e-01
1.472922702585788557e-01
1.470360271555082032e-01
1.467761365973806742e-01
1.462360177674138229e-01
1.457955930250776078e-01
1.453402557963592856e-01
1.448630496588041994e-01
1.442192202636838894e-01
1.437860541688266713e-01
1.434565625836405067e-01
1.431002345595953906e-01
1.424335155454471424e-01
1.419741533316351001e-01
1.418682381624364885e-01
1.416692367090163218e-01
1.409451776804448442e-01
1.402244202906472448e-01
1.401708291814192098e-01
1.394129524143951082e-01
1.392145872216712099e-01
1.386657276059019006e-01
1.382516905210236791e-01
1.374424272661287361e-01
1.372400655944079062e-01
1.367633948611359229e-01
1.367101054032063556e-01
1.364302110896175868e-01
1.359230441503575804e-01
1.355145961400527066e-01
1.351598125106844295e-01
1.341712416789221096e-01
1.338889982195664852e-01
1.341153076373361175e-01
1.336843012006679321e-01
1.330568197894375637e-01
1.333762276055785456e-01
1.323104009573756457e-01
1.318780423480267194e-01
1.319062157805715729e-01
1.314152029267950106e-01
1.309463815524629371e-01
1.306558087508316313e-01
1.298301289580608697e-01
1.295518026301402670e-01
1.299974453847446143e-01
1.290627306957751463e-01
1.285580849172354989e-01
1.285196345391879102e-01
1.281004647155791487e-01
1.275702860747950917e-01
1.269960293963177944e-01
1.267471551466480273e-01
1.263448582996756220e-01
1.255800467881213744e-01
1.256714660201992406e-01
1.251637774892687127e-01
1.251461748013696085e-01
1.248949554770280579e-01
1.245287458019150029e-01
1.235740071484384556e-01
1.236319460622149480e-01
1.228968915151924801e-01
1.228686664768944559e-01
1.229305779701288792e-01
1.223578815929310809e-01
1.219276745900031295e-01
1.216383032521960589e-01
1.212488459134565960e-01
1.209780233072577926e-01
1.206177182905538714e-01
1.202103484741682549e-01
1.199931995469015883e-01
1.191815002404369578e-01
